Hostname,Time,Arch,Physical CPUs,Count,Running,Blocked,Paused,Shutdown,Shutoff,Crashed,Active,Inactive,%CPU,Total hardware memory (KB),Total memory (KB),Total guest memory (KB),Total CPU time (ns),Domain ID,Domain name,CPU (ns),%CPU,Mem (bytes),%Mem,Block RDRQ,Block WRRQ,Net RXBY,Net TXBY
obelix77.cs.umass.edu,15:27:52,x86_64,8,9,9,0,0,0,0,0,9,0,0.0,16404852,18874368,18874368,0,2,instance-00000021,0.,0.,0,0,,,,,3,instance-00000022,0.,0.,0,0,,,,,4,instance-00000023,0.,0.,0,0,,,,,5,instance-00000024,0.,0.,0,0,,,,,6,instance-00000025,0.,0.,0,0,,,,,7,instance-00000026,0.,0.,0,0,,,,,8,instance-00000027,0.,0.,0,0,,,,,9,instance-00000028,0.,0.,0,0,,,,,10,instance-00000029,0.,0.,0,0,,,,
obelix77.cs.umass.edu,15:27:55,x86_64,8,9,9,0,0,0,0,0,9,0,2.8,16404852,18874368,18874368,690000000,2,instance-00000021,660000000.,2.69911437743,2097152,12,0,6,3464,178,3,instance-00000022,0.,0.,2097152,12,0,0,3284,0,4,instance-00000023,10000000.,0.0408956723853,2097152,12,0,4,3266,42,5,instance-00000024,10000000.,0.0408956723853,2097152,12,0,0,3284,0,6,instance-00000025,0.,0.,2097152,12,0,0,3266,42,7,instance-00000026,0.,0.,2097152,12,0,0,3224,0,8,instance-00000027,0.,0.,2097152,12,0,0,3326,42,9,instance-00000028,0.,0.,2097152,12,0,0,3284,0,10,instance-00000029,10000000.,0.0408956723853,2097152,12,0,0,3224,0
obelix77.cs.umass.edu,15:27:58,x86_64,8,9,9,0,0,0,0,0,9,0,12.5,16404852,18874368,18874368,3020000000,2,instance-00000021,3010000000.,12.432945073,2097152,12,0,0,14456,0,3,instance-00000022,10000000.,0.0413054653589,2097152,12,0,0,14456,0,4,instance-00000023,0.,0.,2097152,12,0,0,14456,0,5,instance-00000024,0.,0.,2097152,12,0,0,14456,0,6,instance-00000025,0.,0.,2097152,12,0,4,14456,0,7,instance-00000026,0.,0.,2097152,12,0,0,14456,0,8,instance-00000027,0.,0.,2097152,12,0,0,14456,86,9,instance-00000028,0.,0.,2097152,12,0,0,14456,0,10,instance-00000029,0.,0.,2097152,12,0,0,14456,0
obelix77.cs.umass.edu,15:28:01,x86_64,8,9,9,0,0,0,0,0,9,0,12.5,16404852,18874368,18874368,3030000000,2,instance-00000021,3020000000.,12.4743242466,2097152,12,0,0,300,0,3,instance-00000022,0.,0.,2097152,12,0,0,516,152,4,instance-00000023,0.,0.,2097152,12,0,0,300,0,5,instance-00000024,0.,0.,2097152,12,0,0,300,0,6,instance-00000025,0.,0.,2097152,12,0,0,300,0,7,instance-00000026,0.,0.,2097152,12,0,0,300,0,8,instance-00000027,0.,0.,2097152,12,0,0,300,0,9,instance-00000028,0.,0.,2097152,12,0,0,300,0,10,instance-00000029,10000000.,0.0413057094258,2097152,12,0,0,300,0
obelix77.cs.umass.edu,15:28:04,x86_64,8,9,9,0,0,0,0,0,9,0,12.6,16404852,18874368,18874368,3050000000,2,instance-00000021,3020000000.,12.4730673951,2097152,12,0,0,4224,0,3,instance-00000022,0.,0.,2097152,12,0,0,4266,42,4,instance-00000023,0.,0.,2097152,12,0,0,4224,0,5,instance-00000024,0.,0.,2097152,12,0,2,4224,0,6,instance-00000025,10000000.,0.0413015476658,2097152,12,0,0,4224,0,7,instance-00000026,0.,0.,2097152,12,0,0,4224,0,8,instance-00000027,20000000.,0.0826030953316,2097152,12,0,0,4579,342,9,instance-00000028,0.,0.,2097152,12,0,0,4224,0,10,instance-00000029,0.,0.,2097152,12,0,0,4224,0
obelix77.cs.umass.edu,15:28:07,x86_64,8,9,9,0,0,0,0,0,9,0,12.5,16404852,18874368,18874368,3020000000,2,instance-00000021,3020000000.,12.4728689163,2097152,12,0,0,3064,0,3,instance-00000022,0.,0.,2097152,12,0,0,3424,454,4,instance-00000023,0.,0.,2097152,12,0,0,3064,0,5,instance-00000024,0.,0.,2097152,12,0,0,3064,0,6,instance-00000025,0.,0.,2097152,12,0,0,3064,0,7,instance-00000026,0.,0.,2097152,12,0,2,3064,0,8,instance-00000027,0.,0.,2097152,12,0,4,3106,42,9,instance-00000028,0.,0.,2097152,12,0,0,3064,0,10,instance-00000029,0.,0.,2097152,12,0,2,3064,0
obelix77.cs.umass.edu,15:28:10,x86_64,8,9,9,0,0,0,0,0,9,0,12.7,16404852,18874368,18874368,3080000000,2,instance-00000021,3010000000.,12.4322584701,2097152,12,0,0,4320,0,3,instance-00000022,20000000.,0.0826063685721,2097152,12,0,0,6660,1642,4,instance-00000023,10000000.,0.0413031842861,2097152,12,0,0,4320,0,5,instance-00000024,10000000.,0.0413031842861,2097152,12,0,0,4320,0,6,instance-00000025,0.,0.,2097152,12,0,0,4320,0,7,instance-00000026,10000000.,0.0413031842861,2097152,12,0,0,4320,0,8,instance-00000027,10000000.,0.0413031842861,2097152,12,0,0,4320,0,9,instance-00000028,10000000.,0.0413031842861,2097152,12,0,0,4320,0,10,instance-00000029,0.,0.,2097152,12,0,0,4320,0
obelix77.cs.umass.edu,15:28:13,x86_64,8,9,9,0,0,0,0,0,9,0,12.5,16404852,18874368,18874368,3030000000,2,instance-00000021,3020000000.,12.472680269,2097152,12,0,0,13348,0,3,instance-00000022,0.,0.,2097152,12,0,0,15508,2600,4,instance-00000023,0.,0.,2097152,12,0,0,13348,0,5,instance-00000024,0.,0.,2097152,12,0,0,13348,0,6,instance-00000025,10000000.,0.0413002657914,2097152,12,0,0,13348,0,7,instance-00000026,0.,0.,2097152,12,0,0,13456,76,8,instance-00000027,0.,0.,2097152,12,0,0,13348,0,9,instance-00000028,0.,0.,2097152,12,0,1,13348,0,10,instance-00000029,0.,0.,2097152,12,0,0,13348,0
obelix77.cs.umass.edu,15:28:16,x86_64,8,9,9,0,0,0,0,0,9,0,12.5,16404852,18874368,18874368,3020000000,2,instance-00000021,3020000000.,12.473100803,2097152,12,0,0,1408,0,3,instance-00000022,0.,0.,2097152,12,0,0,1948,342,4,instance-00000023,0.,0.,2097152,12,0,0,1408,0,5,instance-00000024,0.,0.,2097152,12,0,0,1408,0,6,instance-00000025,0.,0.,2097152,12,0,0,1408,0,7,instance-00000026,0.,0.,2097152,12,0,0,1516,76,8,instance-00000027,0.,0.,2097152,12,0,0,1408,0,9,instance-00000028,0.,0.,2097152,12,0,2,1408,0,10,instance-00000029,0.,0.,2097152,12,0,0,1408,0
obelix77.cs.umass.edu,15:28:19,x86_64,8,9,9,0,0,0,0,0,9,0,12.7,16404852,18874368,18874368,3070000000,2,instance-00000021,3010000000.,12.4359725151,2097152,12,0,0,12436,0,3,instance-00000022,10000000.,0.0413155233058,2097152,12,0,5,12436,0,4,instance-00000023,0.,0.,2097152,12,0,0,12436,0,5,instance-00000024,10000000.,0.0413155233058,2097152,12,0,0,12791,342,6,instance-00000025,0.,0.,2097152,12,0,0,12436,0,7,instance-00000026,20000000.,0.0826310466116,2097152,12,0,0,12833,384,8,instance-00000027,0.,0.,2097152,12,0,0,12652,152,9,instance-00000028,0.,0.,2097152,12,0,0,12436,0,10,instance-00000029,20000000.,0.0826310466116,2097152,12,0,0,12791,342
obelix77.cs.umass.edu,15:28:22,x86_64,8,9,9,0,0,0,0,0,9,0,12.5,16404852,18874368,18874368,3030000000,2,instance-00000021,3010000000.,12.4315317918,2097152,12,0,0,14396,0,3,instance-00000022,10000000.,0.0413007700726,2097152,12,0,0,15111,570,4,instance-00000023,0.,0.,2097152,12,0,0,14396,0,5,instance-00000024,0.,0.,2097152,12,0,4,14438,42,6,instance-00000025,0.,0.,2097152,12,0,0,14396,0,7,instance-00000026,0.,0.,2097152,12,0,0,14396,0,8,instance-00000027,0.,0.,2097152,12,0,5,14396,0,9,instance-00000028,10000000.,0.0413007700726,2097152,12,0,4,14396,0,10,instance-00000029,0.,0.,2097152,12,0,0,14396,0
obelix77.cs.umass.edu,15:28:25,x86_64,8,9,9,0,0,0,0,0,9,0,15.7,16404852,18874368,18874368,3810000000,2,instance-00000021,3020000000.,12.4736687655,2097152,12,0,0,1828,0,3,instance-00000022,760000000.,3.13906896084,2097152,12,0,3,2008,178,4,instance-00000023,10000000.,0.0413035389584,2097152,12,0,0,1828,0,5,instance-00000024,0.,0.,2097152,12,0,0,1828,0,6,instance-00000025,0.,0.,2097152,12,0,0,1828,0,7,instance-00000026,10000000.,0.0413035389584,2097152,12,0,4,1870,42,8,instance-00000027,0.,0.,2097152,12,0,0,1870,42,9,instance-00000028,0.,0.,2097152,12,0,0,1828,0,10,instance-00000029,10000000.,0.0413035389584,2097152,12,0,4,1870,42
obelix77.cs.umass.edu,15:28:28,x86_64,8,9,9,0,0,0,0,0,9,0,25.6,16404852,18874368,18874368,6200000000,2,instance-00000021,3020000000.,12.4719100185,2097152,12,0,0,6604,0,3,instance-00000022,3160000000.,13.0500780326,2097152,12,0,0,6604,0,4,instance-00000023,0.,0.,2097152,12,0,0,6604,0,5,instance-00000024,10000000.,0.0412977152932,2097152,12,0,0,6604,0,6,instance-00000025,0.,0.,2097152,12,0,0,6604,0,7,instance-00000026,0.,0.,2097152,12,0,0,6604,0,8,instance-00000027,10000000.,0.0412977152932,2097152,12,0,0,6604,0,9,instance-00000028,0.,0.,2097152,12,0,0,6604,0,10,instance-00000029,0.,0.,2097152,12,0,0,6604,0
obelix77.cs.umass.edu,15:28:31,x86_64,8,9,9,0,0,0,0,0,9,0,25.6,16404852,18874368,18874368,6200000000,2,instance-00000021,3010000000.,12.4332771379,2097152,12,0,0,502,0,3,instance-00000022,3160000000.,13.0528756664,2097152,12,0,0,502,0,4,instance-00000023,10000000.,0.0413065685644,2097152,12,0,2,502,0,5,instance-00000024,0.,0.,2097152,12,0,0,502,0,6,instance-00000025,0.,0.,2097152,12,0,2,502,0,7,instance-00000026,0.,0.,2097152,12,0,0,502,0,8,instance-00000027,0.,0.,2097152,12,0,0,502,0,9,instance-00000028,10000000.,0.0413065685644,2097152,12,0,0,857,342,10,instance-00000029,10000000.,0.0413065685644,2097152,12,0,0,502,0
obelix77.cs.umass.edu,15:28:35,x86_64,8,9,9,0,0,0,0,0,9,0,25.6,16404852,18874368,18874368,6190000000,2,instance-00000021,3010000000.,12.4307307814,2097152,12,0,0,4738,0,3,instance-00000022,3160000000.,13.050202415,2097152,12,0,0,4738,0,4,instance-00000023,0.,0.,2097152,12,0,0,4738,0,5,instance-00000024,0.,0.,2097152,12,0,0,4738,0,6,instance-00000025,10000000.,0.0412981089082,2097152,12,0,0,4738,0,7,instance-00000026,0.,0.,2097152,12,0,0,4738,0,8,instance-00000027,0.,0.,2097152,12,0,0,4738,0,9,instance-00000028,10000000.,0.0412981089082,2097152,12,0,0,4738,0,10,instance-00000029,0.,0.,2097152,12,0,0,4738,0
obelix77.cs.umass.edu,15:28:38,x86_64,8,9,9,0,0,0,0,0,9,0,32.0,16404852,18874368,18874368,7740000000,2,instance-00000021,3010000000.,12.4364948734,2097152,12,0,0,14636,0,3,instance-00000022,3150000000.,13.0149364954,2097152,12,0,0,14636,0,4,instance-00000023,10000000.,0.0413172587156,2097152,12,0,0,14991,342,5,instance-00000024,10000000.,0.0413172587156,2097152,12,0,0,14636,0,6,instance-00000025,1550000000.,6.40417510092,2097152,12,0,1,20260,5331,7,instance-00000026,10000000.,0.0413172587156,2097152,12,0,0,14636,0,8,instance-00000027,0.,0.,2097152,12,0,0,14636,0,9,instance-00000028,0.,0.,2097152,12,0,4,14810,42,10,instance-00000029,0.,0.,2097152,12,0,0,14636,0
obelix77.cs.umass.edu,15:28:41,x86_64,8,9,9,0,0,0,0,0,9,0,25.3,16404852,18874368,18874368,6120000000,2,instance-00000021,2930000000.,12.105477901,2097152,12,0,10,9791,342,3,instance-00000022,3150000000.,13.0144216342,2097152,12,0,0,9436,0,4,instance-00000023,10000000.,0.0413156242356,2097152,12,0,0,9478,42,5,instance-00000024,0.,0.,2097152,12,0,0,9436,0,6,instance-00000025,10000000.,0.0413156242356,2097152,12,0,8,11591,1482,7,instance-00000026,0.,0.,2097152,12,0,0,9436,0,8,instance-00000027,10000000.,0.0413156242356,2097152,12,0,0,9436,0,9,instance-00000028,10000000.,0.0413156242356,2097152,12,0,0,9544,76,10,instance-00000029,0.,0.,2097152,12,0,0,9436,0
obelix77.cs.umass.edu,15:28:44,x86_64,8,9,9,0,0,0,0,0,9,0,36.9,16404852,18874368,18874368,8940000000,2,instance-00000021,3020000000.,12.4703354275,2097152,12,0,0,720,0,3,instance-00000022,3150000000.,13.0071379459,2097152,12,0,0,720,0,4,instance-00000023,0.,0.,2097152,12,0,3,720,0,5,instance-00000024,0.,0.,2097152,12,0,0,720,0,6,instance-00000025,2750000000.,11.3554378893,2097152,12,0,1,1146,406,7,instance-00000026,0.,0.,2097152,12,0,0,720,0,8,instance-00000027,20000000.,0.0825850028314,2097152,12,0,0,1075,342,9,instance-00000028,0.,0.,2097152,12,0,0,762,128,10,instance-00000029,0.,0.,2097152,12,0,0,720,0
obelix77.cs.umass.edu,15:28:47,x86_64,8,9,9,0,0,0,0,0,9,0,38.7,16404852,18874368,18874368,9380000000,2,instance-00000021,3010000000.,12.4281805738,2097152,12,0,0,10464,42,3,instance-00000022,3150000000.,13.0062354842,2097152,12,0,0,8844,0,4,instance-00000023,0.,0.,2097152,12,0,0,14654,0,5,instance-00000024,0.,0.,2097152,12,0,0,7454,0,6,instance-00000025,3200000000.,13.2126836665,2097152,12,0,2,18428,0,7,instance-00000026,0.,0.,2097152,12,0,0,16054,0,8,instance-00000027,0.,0.,2097152,12,0,0,13360,0,9,instance-00000028,10000000.,0.0412896364578,2097152,12,0,0,11928,0,10,instance-00000029,10000000.,0.0412896364578,2097152,12,0,0,17120,0
obelix77.cs.umass.edu,15:28:50,x86_64,8,9,9,0,0,0,0,0,9,0,38.7,16404852,18874368,18874368,9380000000,2,instance-00000021,3020000000.,12.4649251274,2097152,12,0,0,12296,0,3,instance-00000022,3150000000.,13.0014947521,2097152,12,0,0,14054,114,4,instance-00000023,0.,0.,2097152,12,0,0,8064,0,5,instance-00000024,0.,0.,2097152,12,0,0,15264,0,6,instance-00000025,3190000000.,13.1665930981,2097152,12,0,0,4290,0,7,instance-00000026,10000000.,0.0412745865145,2097152,12,0,0,6664,0,8,instance-00000027,10000000.,0.0412745865145,2097152,12,0,4,9400,42,9,instance-00000028,0.,0.,2097152,12,0,0,10790,0,10,instance-00000029,0.,0.,2097152,12,0,0,5598,0
obelix77.cs.umass.edu,15:28:53,x86_64,8,9,9,0,0,0,0,0,9,0,38.7,16404852,18874368,18874368,9380000000,2,instance-00000021,3020000000.,12.4708216125,2097152,12,0,0,5632,0,3,instance-00000022,3150000000.,13.0076450594,2097152,12,0,0,5674,42,4,instance-00000023,10000000.,0.0412941112997,2097152,12,0,0,5632,0,5,instance-00000024,10000000.,0.0412941112997,2097152,12,0,0,5632,0,6,instance-00000025,3190000000.,13.1728215046,2097152,12,0,0,5632,0,7,instance-00000026,0.,0.,2097152,12,0,0,5632,0,8,instance-00000027,0.,0.,2097152,12,0,0,5632,0,9,instance-00000028,0.,0.,2097152,12,0,0,5632,0,10,instance-00000029,0.,0.,2097152,12,0,0,5632,0
obelix77.cs.umass.edu,15:28:56,x86_64,8,9,9,0,0,0,0,0,9,0,38.7,16404852,18874368,18874368,9380000000,2,instance-00000021,3010000000.,12.4297115518,2097152,12,0,0,1996,0,3,instance-00000022,3150000000.,13.0078376705,2097152,12,0,1,1996,0,4,instance-00000023,0.,0.,2097152,12,0,0,1996,0,5,instance-00000024,0.,0.,2097152,12,0,0,1996,0,6,instance-00000025,3200000000.,13.2143112843,2097152,12,0,0,1996,0,7,instance-00000026,10000000.,0.0412947227633,2097152,12,0,0,1996,0,8,instance-00000027,0.,0.,2097152,12,0,0,1996,0,9,instance-00000028,0.,0.,2097152,12,0,0,1996,0,10,instance-00000029,10000000.,0.0412947227633,2097152,12,0,0,1996,0
obelix77.cs.umass.edu,15:28:59,x86_64,8,9,9,0,0,0,0,0,9,0,29.0,16404852,18874368,18874368,7030000000,2,instance-00000021,3010000000.,12.4292279412,2097152,12,0,0,6676,0,3,instance-00000022,3140000000.,12.9660384503,2097152,12,0,2,6676,0,4,instance-00000023,0.,0.,2097152,12,0,0,6676,0,5,instance-00000024,10000000.,0.0412931160839,2097152,12,0,2,6676,0,6,instance-00000025,870000000.,3.5925010993,2097152,12,0,0,7048,358,7,instance-00000026,0.,0.,2097152,12,0,2,6736,0,8,instance-00000027,0.,0.,2097152,12,0,0,6676,0,9,instance-00000028,0.,0.,2097152,12,0,0,6676,0,10,instance-00000029,0.,0.,2097152,12,0,2,6736,0
obelix77.cs.umass.edu,15:29:02,x86_64,8,9,9,0,0,0,0,0,9,0,13.4,16404852,18874368,18874368,3250000000,2,instance-00000021,2830000000.,11.6900757328,2097152,12,0,0,672,358,3,instance-00000022,400000000.,1.65230752406,2097152,12,0,2,672,358,4,instance-00000023,0.,0.,2097152,12,0,0,360,0,5,instance-00000024,0.,0.,2097152,12,0,0,360,0,6,instance-00000025,10000000.,0.0413076881016,2097152,12,0,0,300,0,7,instance-00000026,0.,0.,2097152,12,0,0,300,0,8,instance-00000027,0.,0.,2097152,12,0,0,360,0,9,instance-00000028,10000000.,0.0413076881016,2097152,12,0,0,360,0,10,instance-00000029,0.,0.,2097152,12,0,0,432,86
obelix77.cs.umass.edu,15:29:05,x86_64,8,9,9,0,0,0,0,0,9,0,0.2,16404852,18874368,18874368,50000000,2,instance-00000021,0.,0.,2097152,12,0,0,4404,0,3,instance-00000022,0.,0.,2097152,12,0,0,4404,0,4,instance-00000023,10000000.,0.0409843056144,2097152,12,0,0,4404,0,5,instance-00000024,20000000.,0.0819686112287,2097152,12,0,0,4759,342,6,instance-00000025,0.,0.,2097152,12,0,0,4404,0,7,instance-00000026,20000000.,0.0819686112287,2097152,12,0,0,4759,342,8,instance-00000027,0.,0.,2097152,12,0,0,4404,0,9,instance-00000028,0.,0.,2097152,12,0,0,4404,0,10,instance-00000029,0.,0.,2097152,12,0,0,4512,76
